   1.04166670E-02   60.0000000       3.25548974E+31   5.40564218E+25   1.45367972E+23   0.00000000       0.00000000       1.91420384E+18
   5.20833358E-02   240.000000       3.25713219E+31   2.82207514E+26   3.34437222E+24   0.00000000       0.00000000       9.32659419E+18
   9.37500000E-02   240.000000       3.25872217E+31   3.42976623E+26   4.51249845E+24   0.00000000       0.00000000       1.29888057E+19
  0.135416672       240.000000       3.26047414E+31   4.18387282E+26   6.25905693E+24   0.00000000       0.00000000       1.69662715E+19
  0.177083343       240.000000       3.26236829E+31   4.78051468E+26   7.76217662E+24   0.00000000       0.00000000       2.06710319E+19
  0.218750015       240.000000       3.26440509E+31   5.33059400E+26   9.25989486E+24   0.00000000       0.00000000       2.42477938E+19
  0.257804185       224.951996       3.26638386E+31   5.61116935E+26   1.01776025E+25   0.00000000       0.00000000       2.72777268E+19
  0.295680344       218.166733       3.26847482E+31   6.08026526E+26   1.14770880E+25   0.00000000       0.00000000       3.02885789E+19
  0.332306713       210.967911       3.27059793E+31   6.45417338E+26   1.26119017E+25   0.00000000       0.00000000       3.30679925E+19
  0.365718961       192.454483       3.27256437E+31   6.60933337E+26   1.33048099E+25   0.00000000       0.00000000       3.53809274E+19
  0.400010556       197.519562       3.27482603E+31   7.22042088E+26   1.48680884E+25   0.00000000       0.00000000       3.80057409E+19
  0.434251904       197.230164       3.27712105E+31   7.56024311E+26   1.60392895E+25   0.00000000       0.00000000       4.04195955E+19
  0.468806535       199.034698       3.27955172E+31   7.94245374E+26   1.72903223E+25   0.00000000       0.00000000       4.27983186E+19
  0.504305243       204.472519       3.28215526E+31   8.36011459E+26   1.86648918E+25   0.00000000       0.00000000       4.51953067E+19
  0.540886283       210.706940       3.28493773E+31   8.75037907E+26   2.00518552E+25   0.00000000       0.00000000       4.75722002E+19
  0.570225060       168.991379       3.28691263E+31   8.14483518E+26   1.94897045E+25   0.00000000       0.00000000       4.88213377E+19
  0.598616660       163.535477       3.28922579E+31   8.66687730E+26   2.06728349E+25   0.00000000       0.00000000       5.05271465E+19
  0.625004828       151.995728       3.29135736E+31   8.84142777E+26   2.13905862E+25   0.00000000       0.00000000       5.19631966E+19
  0.648462176       135.114288       3.29324619E+31   8.88072303E+26   2.18152971E+25   0.00000000       0.00000000       5.31265635E+19
  0.670621991       127.640686       3.29514154E+31   9.12626100E+26   2.25712677E+25   0.00000000       0.00000000       5.43138029E+19
  0.691986740       123.060982       3.29701659E+31   9.37244387E+26   2.33652433E+25   0.00000000       0.00000000       5.54585177E+19
  0.713038504       121.258156       3.29891919E+31   9.63284253E+26   2.42128573E+25   0.00000000       0.00000000       5.65874434E+19
  0.734110475       121.374542       3.30084961E+31   9.89515745E+26   2.50928823E+25   0.00000000       0.00000000       5.77073796E+19
  0.755530059       123.376801       3.30287093E+31   1.01657240E+27   2.60174654E+25   0.00000000       0.00000000       5.88346385E+19
  0.777591944       127.076500       3.30499235E+31   1.04435762E+27   2.69911791E+25   0.00000000       0.00000000       5.99798282E+19
  0.798999727       123.308907       3.30700594E+31   1.05147740E+27   2.75906452E+25   0.00000000       0.00000000       6.09582880E+19
  0.819898784       120.378456       3.30902074E+31   1.06394090E+27   2.82389122E+25   0.00000000       0.00000000       6.19035426E+19
  0.840581894       119.134743       3.31107760E+31   1.08099964E+27   2.89555613E+25   0.00000000       0.00000000       6.28386772E+19
  0.861172557       118.602249       3.31314100E+31   1.09871250E+27   2.96847773E+25   0.00000000       0.00000000       6.37546672E+19
  0.881828010       118.975525       3.31526170E+31   1.11749306E+27   3.04365051E+25   0.00000000       0.00000000       6.46614652E+19
  0.902761102       120.574738       3.31744211E+31   1.13800702E+27   3.12317466E+25   0.00000000       0.00000000       6.55728152E+19
  0.924145699       123.175125       3.31971417E+31   1.15936340E+27   3.20590969E+25   0.00000000       0.00000000       6.64923236E+19
  0.944688320       118.325447       3.32184817E+31   1.15988412E+27   3.24930796E+25   0.00000000       0.00000000       6.72539245E+19
  0.964956164       116.742752       3.32402085E+31   1.17346018E+27   3.31049489E+25   0.00000000       0.00000000       6.80404843E+19
  0.985204518       116.630463       3.32624261E+31   1.19041414E+27   3.37760737E+25   0.00000000       0.00000000       6.88320579E+19
   1.00001037       85.2819748       3.32757920E+31   1.12375167E+27   3.28722294E+25   0.00000000       0.00000000       6.89871726E+19
   1.02164483       124.674271       3.32651921E+31   1.00008506E+27   3.36536450E+25   0.00000000       0.00000000       6.96010959E+19
   1.04536712       136.640625       3.32531319E+31   8.56887123E+26   3.40691164E+25   0.00000000       0.00000000       7.01072583E+19
   1.07255161       156.582504       3.32428318E+31   7.75241464E+26   3.53477640E+25   0.00000000       0.00000000       7.09631182E+19
   1.10015011       158.967102       3.32334965E+31   7.10489777E+26   3.58505876E+25   0.00000000       0.00000000       7.17266454E+19
   1.12444663       139.948151       3.32256167E+31   6.57812148E+26   3.54948560E+25   0.00000000       0.00000000       7.22398183E+19
   1.14752793       132.947998       3.32203192E+31   6.41804432E+26   3.61116944E+25   0.00000000       0.00000000       7.29831453E+19
   1.16928053       125.295036       3.32163999E+31   6.33266837E+26   3.67003277E+25   0.00000000       0.00000000       7.37201832E+19
   1.19005930       119.685432       3.32135710E+31   6.32319043E+26   3.74103175E+25   0.00000000       0.00000000       7.44834509E+19
   1.21007824       115.309113       3.32115013E+31   6.35808355E+26   3.81768051E+25   0.00000000       0.00000000       7.52565220E+19
   1.22955489       112.185379       3.32103045E+31   6.42672905E+26   3.90000740E+25   0.00000000       0.00000000       7.60402011E+19
   1.24898040       111.890709       3.32099031E+31   6.54212967E+26   3.99741451E+25   0.00000000       0.00000000       7.68700861E+19
   1.26814985       110.416298       3.32098910E+31   6.64685552E+26   4.08491157E+25   0.00000000       0.00000000       7.76786317E+19
   1.28734839       110.583405       3.32105801E+31   6.78180231E+26   4.18201247E+25   0.00000000       0.00000000       7.85157119E+19
   1.30688822       112.549622       3.32118592E+31   6.94506190E+26   4.28937482E+25   0.00000000       0.00000000       7.93932190E+19
   1.32640481       112.415565       3.32134380E+31   7.07851967E+26   4.38106298E+25   0.00000000       0.00000000       8.02389721E+19
   1.34584880       111.997658       3.32156092E+31   7.21452087E+26   4.47030049E+25   0.00000000       0.00000000       8.10778291E+19
   1.36504161       110.550720       3.32181335E+31   7.33996242E+26   4.55144034E+25   0.00000000       0.00000000       8.18907552E+19
   1.38348651       106.242844       3.32205949E+31   7.42628580E+26   4.61191199E+25   0.00000000       0.00000000       8.26308145E+19
   1.40174389       105.162849       3.32238517E+31   7.57431871E+26   4.69521380E+25   0.00000000       0.00000000       8.34078614E+19
   1.41942751       101.857925       3.32272754E+31   7.68176362E+26   4.76011682E+25   0.00000000       0.00000000       8.41237402E+19
   1.43698132       101.110039       3.32312116E+31   7.83553494E+26   4.84285370E+25   0.00000000       0.00000000       8.48655499E+19
   1.45483243       102.822624       3.32358201E+31   8.02620712E+26   4.94153225E+25   0.00000000       0.00000000       8.56456754E+19
   1.47247231       101.605888       3.32404261E+31   8.15620723E+26   5.01719757E+25   0.00000000       0.00000000       8.63636037E+19
   1.49000537       100.990707       3.32454649E+31   8.30169375E+26   5.09909004E+25   0.00000000       0.00000000       8.70768965E+19
   1.50773418       102.117752       3.32509316E+31   8.47997784E+26   5.19450675E+25   0.00000000       0.00000000       8.78131910E+19
   1.52592409       104.774101       3.32570633E+31   8.68229214E+26   5.30092232E+25   0.00000000       0.00000000       8.85779761E+19
   1.54417729       105.138466       3.32634706E+31   8.83340492E+26   5.38867441E+25   0.00000000       0.00000000       8.92986049E+19
   1.56193161       102.265022       3.32697522E+31   8.92567036E+26   5.45194536E+25   0.00000000       0.00000000       8.99431826E+19
   1.57966006       102.115540       3.32765367E+31   9.08548262E+26   5.53748844E+25   0.00000000       0.00000000       9.06212030E+19
   1.59740770       102.226601       3.32836959E+31   9.24719711E+26   5.62318787E+25   0.00000000       0.00000000       9.12953708E+19
   1.61486065       100.528709       3.32909568E+31   9.36837968E+26   5.69263063E+25   0.00000000       0.00000000       9.19244585E+19
   1.63177967       97.4533081       3.32981547E+31   9.46502438E+26   5.74922571E+25   0.00000000       0.00000000       9.25091436E+19
   1.64804053       93.6623840       3.33052438E+31   9.55228634E+26   5.79880686E+25   0.00000000       0.00000000       9.30564893E+19
   1.66385329       91.0813904       3.33126570E+31   9.66912728E+26   5.85639114E+25   0.00000000       0.00000000       9.36024188E+19
   1.67945182       89.8478241       3.33202176E+31   9.81110449E+26   5.92189184E+25   0.00000000       0.00000000       9.41556579E+19
   1.69501209       89.6268387       3.33281481E+31   9.96739785E+26   5.99297914E+25   0.00000000       0.00000000       9.47163385E+19
   1.71068954       90.3018951       3.33365333E+31   1.01350205E+27   6.06930623E+25   0.00000000       0.00000000       9.52871169E+19
   1.72661459       91.7284775       3.33453221E+31   1.03107072E+27   6.15002780E+25   0.00000000       0.00000000       9.58695854E+19
   1.74290609       93.8391113       3.33546285E+31   1.04934082E+27   6.23488236E+25   0.00000000       0.00000000       9.64661364E+19
   1.75967693       96.6002197       3.33644933E+31   1.06830245E+27   6.32379613E+25   0.00000000       0.00000000       9.70791802E+19
   1.77704060       100.015045       3.33751391E+31   1.08803346E+27   6.41711175E+25   0.00000000       0.00000000       9.77115665E+19
   1.79511416       104.103416       3.33864982E+31   1.10859450E+27   6.51494452E+25   0.00000000       0.00000000       9.83663476E+19
   1.81401801       108.886284       3.33987760E+31   1.13005706E+27   6.61793822E+25   0.00000000       0.00000000       9.90469805E+19
   1.83207762       104.023529       3.34097120E+31   1.12678564E+27   6.63793726E+25   0.00000000       0.00000000       9.95474694E+19
   1.84910500       98.0778885       3.34203312E+31   1.12617653E+27   6.65744147E+25   0.00000000       0.00000000       1.00000486E+20
   1.86546421       94.2291870       3.34309866E+31   1.13381429E+27   6.69790025E+25   0.00000000       0.00000000       1.00463345E+20
   1.88169360       93.4813385       3.34422490E+31   1.14966211E+27   6.76288352E+25   0.00000000       0.00000000       1.00964282E+20
   1.89770877       92.2471771       3.34536346E+31   1.16292178E+27   6.82044289E+25   0.00000000       0.00000000       1.01446449E+20
   1.91366339       91.8988647       3.34651751E+31   1.17787626E+27   6.88269327E+25   0.00000000       0.00000000       1.01934791E+20
   1.92985582       93.2685394       3.34773876E+31   1.19651920E+27   6.95670715E+25   0.00000000       0.00000000       1.02449705E+20
   1.94657779       96.3182449       3.34905746E+31   1.21823788E+27   7.04296919E+25   0.00000000       0.00000000       1.02997227E+20
   1.96513140       106.869141       3.35063583E+31   1.25843496E+27   7.19167854E+25   0.00000000       0.00000000       1.03697387E+20
   1.98139143       93.6579666       3.35173305E+31   1.22758042E+27   7.12684331E+25   0.00000000       0.00000000       1.03970673E+20
   1.99666619       87.9829025       3.35289507E+31   1.22928815E+27   7.14361924E+25   0.00000000       0.00000000       1.04331383E+20
   2.00001001       19.2603245       3.35227393E+31   1.05954593E+27   6.66357040E+25   0.00000000       0.00000000       1.03482094E+20
   2.01620436       93.3366165       3.35184814E+31   1.09570885E+27   7.16241693E+25   0.00000000       0.00000000       1.04906876E+20
   2.03134584       87.2153244       3.35059763E+31   9.76818556E+26   7.11898869E+25   0.00000000       0.00000000       1.05263540E+20
   2.04750991       93.1050873       3.34955457E+31   9.13068379E+26   7.20801037E+25   0.00000000       0.00000000       1.05868755E+20
   2.06295180       88.9454803       3.34854608E+31   8.56602379E+26   7.22972449E+25   0.00000000       0.00000000       1.06336021E+20
   2.07670116       79.1967087       3.34765559E+31   8.13188704E+26   7.21787615E+25   0.00000000       0.00000000       1.06687487E+20
   2.08934498       72.8281784       3.34692225E+31   7.87759277E+26   7.24065234E+25   0.00000000       0.00000000       1.07064232E+20
   2.10118222       68.1826401       3.34629579E+31   7.71829186E+26   7.27812229E+25   0.00000000       0.00000000       1.07446317E+20
   2.11241746       64.7150955       3.34574597E+31   7.61884030E+26   7.32396845E+25   0.00000000       0.00000000       1.07830011E+20
   2.12319756       62.0930634       3.34525829E+31   7.55972660E+26   7.37471590E+25   0.00000000       0.00000000       1.08213574E+20
   2.13363361       60.1115532       3.34481461E+31   7.52925922E+26   7.42866064E+25   0.00000000       0.00000000       1.08597391E+20
   2.14381385       58.6375504       3.34440817E+31   7.52039002E+26   7.48497947E+25   0.00000000       0.00000000       1.08981649E+20
   2.15381074       57.5825157       3.34403969E+31   7.52854496E+26   7.54333436E+25   0.00000000       0.00000000       1.09367287E+20
   2.16368699       56.8866653       3.34369829E+31   7.55031802E+26   7.60310642E+25   0.00000000       0.00000000       1.09755327E+20
   2.17350006       56.5231895       3.34337817E+31   7.58380771E+26   7.66471025E+25   0.00000000       0.00000000       1.10147298E+20
   2.18330264       56.4633636       3.34308271E+31   7.62761726E+26   7.72831646E+25   0.00000000       0.00000000       1.10544512E+20
   2.19314408       56.6862068       3.34280417E+31   7.68052326E+26   7.79393753E+25   0.00000000       0.00000000       1.10948235E+20
   2.20307326       57.1917610       3.34253192E+31   7.74213759E+26   7.86183169E+25   0.00000000       0.00000000       1.11360191E+20
   2.21314073       57.9890976       3.34229183E+31   7.81234664E+26   7.93241170E+25   0.00000000       0.00000000       1.11782017E+20
   2.22340059       59.0974503       3.34205633E+31   7.89118212E+26   8.00623096E+25   0.00000000       0.00000000       1.12215902E+20
   2.23391223       60.5473671       3.34183800E+31   7.97902183E+26   8.08370452E+25   0.00000000       0.00000000       1.12663939E+20
   2.24474263       62.3828773       3.34165110E+31   8.07683237E+26   8.16592166E+25   0.00000000       0.00000000       1.13128962E+20
   2.25595689       64.5934830       3.34146613E+31   8.18463883E+26   8.25327714E+25   0.00000000       0.00000000       1.13612589E+20
   2.26748085       66.3784103       3.34129156E+31   8.28889171E+26   8.33792648E+25   0.00000000       0.00000000       1.14098468E+20
   2.27905202       66.6501923       3.34112134E+31   8.37169619E+26   8.40904236E+25   0.00000000       0.00000000       1.14558908E+20
   2.29075480       67.4084396       3.34097313E+31   8.46951042E+26   8.48752219E+25   0.00000000       0.00000000       1.15028004E+20
   2.30266690       68.6136627       3.34084958E+31   8.58030747E+26   8.57275353E+25   0.00000000       0.00000000       1.15507241E+20
   2.31486392       70.2551346       3.34074513E+31   8.70312663E+26   8.66477327E+25   0.00000000       0.00000000       1.15998512E+20
   2.32743764       72.4242783       3.34066268E+31   8.83945176E+26   8.76502025E+25   0.00000000       0.00000000       1.16505510E+20
   2.34049654       75.2191544       3.34061045E+31   8.99063685E+26   8.87416687E+25   0.00000000       0.00000000       1.17032827E+20
   2.35372114       76.1743164       3.34056838E+31   9.10854327E+26   8.96499403E+25   0.00000000       0.00000000       1.17528645E+20
   2.36724591       77.9023895       3.34054179E+31   9.24809879E+26   9.06687355E+25   0.00000000       0.00000000       1.18040455E+20
   2.38114762       80.0745239       3.34055097E+31   9.39988746E+26   9.17334908E+25   0.00000000       0.00000000       1.18564948E+20
   2.39490151       79.2226410       3.34054662E+31   9.49228646E+26   9.24656421E+25   0.00000000       0.00000000       1.19027728E+20
   2.40840530       77.7820282       3.34055025E+31   9.58168971E+26   9.31385977E+25   0.00000000       0.00000000       1.19467876E+20
   2.42190766       77.7740479       3.34060852E+31   9.70904160E+26   9.39776387E+25   0.00000000       0.00000000       1.19927331E+20
   2.43562078       78.9878311       3.34071103E+31   9.86372124E+26   9.49208945E+25   0.00000000       0.00000000       1.20409260E+20
   2.44972682       81.2501907       3.34085103E+31   1.00398906E+27   9.59678579E+25   0.00000000       0.00000000       1.20916821E+20
   2.46423268       83.5538864       3.34102149E+31   1.02139201E+27   9.69945206E+25   0.00000000       0.00000000       1.21433160E+20
   2.47865033       83.0451813       3.34117865E+31   1.03222903E+27   9.76634826E+25   0.00000000       0.00000000       1.21897137E+20
   2.49281383       81.5813675       3.34133339E+31   1.04163776E+27   9.82155752E+25   0.00000000       0.00000000       1.22336466E+20
   2.50701213       81.7824326       3.34155777E+31   1.05566931E+27   9.89637013E+25   0.00000000       0.00000000       1.22802888E+20
   2.52151155       83.5162582       3.34182977E+31   1.07329739E+27   9.98780327E+25   0.00000000       0.00000000       1.23301565E+20
   2.53616261       84.3895874       3.34211968E+31   1.08837303E+27   1.00664491E+26   0.00000000       0.00000000       1.23788657E+20
   2.55123162       86.7969284       3.34246519E+31   1.10720538E+27   1.01622975E+26   0.00000000       0.00000000       1.24310530E+20
   2.56670880       89.1490021       3.34285253E+31   1.12542722E+27   1.02556057E+26   0.00000000       0.00000000       1.24840424E+20
   2.58278656       92.6083298       3.34328629E+31   1.14621943E+27   1.03611257E+26   0.00000000       0.00000000       1.25401667E+20
   2.59955502       96.5867844       3.34379041E+31   1.16777047E+27   1.04709521E+26   0.00000000       0.00000000       1.25986467E+20
   2.61469150       87.1863327       3.34407523E+31   1.15417315E+27   1.04183549E+26   0.00000000       0.00000000       1.26307507E+20
   2.62792468       76.2235413       3.34431315E+31   1.14245733E+27   1.03642257E+26   0.00000000       0.00000000       1.26552064E+20
   2.63999772       69.5404205       3.34461127E+31   1.14457620E+27   1.03666920E+26   0.00000000       0.00000000       1.26829036E+20
   2.65140772       65.7214890       3.34495122E+31   1.15376659E+27   1.04007263E+26   0.00000000       0.00000000       1.27127813E+20
   2.66247916       63.7711678       3.34533542E+31   1.16669067E+27   1.04529554E+26   0.00000000       0.00000000       1.27441886E+20
   2.67345119       63.1991005       3.34574234E+31   1.18201209E+27   1.05179756E+26   0.00000000       0.00000000       1.27770402E+20
   2.68452764       63.8004990       3.34617345E+31   1.19929485E+27   1.05939494E+26   0.00000000       0.00000000       1.28116054E+20
   2.69590688       65.5450058       3.34665798E+31   1.21856365E+27   1.06810992E+26   0.00000000       0.00000000       1.28483546E+20
   2.70779896       68.4984741       3.34719475E+31   1.24005876E+27   1.07809017E+26   0.00000000       0.00000000       1.28879493E+20
   2.72043800       72.8003006       3.34779848E+31   1.26414061E+27   1.08951488E+26   0.00000000       0.00000000       1.29311847E+20
   2.73375058       76.6809769       3.34843680E+31   1.28565321E+27   1.10022903E+26   0.00000000       0.00000000       1.29750368E+20
   2.74583769       69.6221619       3.34885847E+31   1.27495085E+27   1.09752916E+26   0.00000000       0.00000000       1.29984010E+20
   2.75701189       64.3632278       3.34928667E+31   1.27320579E+27   1.09766622E+26   0.00000000       0.00000000       1.30220141E+20
   2.76768708       61.4892082       3.34976130E+31   1.27949996E+27   1.10070154E+26   0.00000000       0.00000000       1.30477250E+20
   2.77816224       60.3370819       3.35026227E+31   1.29065965E+27   1.10569544E+26   0.00000000       0.00000000       1.30752727E+20
   2.78868151       60.5902863       3.35079904E+31   1.30530061E+27   1.11216757E+26   0.00000000       0.00000000       1.31047976E+20
   2.79914212       60.2534218       3.35133483E+31   1.31735003E+27   1.11770243E+26   0.00000000       0.00000000       1.31330542E+20
   2.80934262       58.7542381       3.35184911E+31   1.32544933E+27   1.12169200E+26   0.00000000       0.00000000       1.31587115E+20
   2.81942749       58.0883789       3.35237765E+31   1.33596279E+27   1.12660021E+26   0.00000000       0.00000000       1.31851666E+20
   2.82951903       58.1266823       3.35293859E+31   1.34826869E+27   1.13221273E+26   0.00000000       0.00000000       1.32125190E+20
   2.83971786       58.7456017       3.35352855E+31   1.36188120E+27   1.13834996E+26   0.00000000       0.00000000       1.32408398E+20
   2.85011530       59.8896446       3.35414075E+31   1.37658090E+27   1.14500905E+26   0.00000000       0.00000000       1.32702829E+20
   2.86080289       61.5601883       3.35479260E+31   1.39235345E+27   1.15218806E+26   0.00000000       0.00000000       1.33010525E+20
   2.87188482       63.8313866       3.35548798E+31   1.40941566E+27   1.15997665E+26   0.00000000       0.00000000       1.33335136E+20
   2.88349581       66.8787231       3.35623558E+31   1.42825525E+27   1.16864468E+26   0.00000000       0.00000000       1.33682283E+20
   2.89582062       70.9902344       3.35706538E+31   1.44963768E+27   1.17844507E+26   0.00000000       0.00000000       1.34060304E+20
   2.90853691       73.2458344       3.35790365E+31   1.46394320E+27   1.18566374E+26   0.00000000       0.00000000       1.34417715E+20
   2.92078757       70.5642014       3.35863312E+31   1.46242614E+27   1.18668126E+26   0.00000000       0.00000000       1.34689163E+20
   2.93264604       68.3051758       3.35937153E+31   1.46489092E+27   1.18868135E+26   0.00000000       0.00000000       1.34957347E+20
   2.94419837       66.5414124       3.36011405E+31   1.47034319E+27   1.19150490E+26   0.00000000       0.00000000       1.35224933E+20
   2.95551229       65.1682892       3.36086431E+31   1.47769326E+27   1.19486064E+26   0.00000000       0.00000000       1.35491349E+20
   2.96664238       64.1099472       3.36160974E+31   1.48628059E+27   1.19861852E+26   0.00000000       0.00000000       1.35756534E+20
   2.97763491       63.3174973       3.36238925E+31   1.49571012E+27   1.20262718E+26   0.00000000       0.00000000       1.36020777E+20
   2.98852968       62.7545013       3.36316659E+31   1.50574957E+27   1.20685093E+26   0.00000000       0.00000000       1.36284264E+20
   2.99936295       62.3996735       3.36396448E+31   1.51626702E+27   1.21125426E+26   0.00000000       0.00000000       1.36547496E+20
   3.00001025       3.72840357       3.36292819E+31   1.33116118E+27   1.14676094E+26   0.00000000       0.00000000       1.35764089E+20
