   4.1666666666666664E-002   1.2296489167056863E-281   4.8204769062702944E-290   0.0000000000000000        4.7247562533211141E-315   9.9517873990350792E-315
   5.1007096190156857E-002   1.2296770877748173E-281   9.5212398309195328E-290   0.0000000000000000        8.9521697431347426E-315   2.1201796234375231E-314
   5.4988412855849780E-002   1.2296475697001275E-281   4.5474747668795012E-290   0.0000000000000000        7.7917032949506093E-315   1.0590925337897776E-314
   5.6079157092444890E-002   1.2296774379351939E-281   9.6136275114405547E-290   0.0000000000000000        6.0924488529666998E-315   1.0339218742899311E-314
   5.7266285134762680E-002   1.2296764857254841E-281   9.6335320152489805E-290   0.0000000000000000        9.6981838883959711E-315   2.0680504715748699E-314
   5.7944281211699429E-002   1.2296484647432797E-281   4.1477933738927509E-290   0.0000000000000000        9.1179506643039045E-315   9.6144437238323595E-315
   5.8100486227632184E-002   1.2296693376612807E-281   9.5623401530036413E-290   0.0000000000000000        9.2837315854730664E-315   9.5660223409680117E-315
   5.8228350217881773E-002   1.2296491547989044E-281   9.7185239856393487E-290   0.0000000000000000        9.2733702778999938E-315   1.0122965053600986E-314
   5.8420309734249706E-002   1.2296770949797783E-281   4.6567930148601145E-290   0.0000000000000000        9.6152934278113902E-315   2.1178512679360433E-314
   5.8664359434671361E-002   1.2296759840554783E-281   4.6401754933319793E-290   0.0000000000000000        1.0278417112488038E-314   2.0342632726269569E-314
   5.8985974728622007E-002   1.2296493432712630E-281   4.8177507979505296E-290   0.0000000000000000        1.0444198033657200E-314   1.0596857307430630E-314
   5.9405118518293769E-002   1.2296491373518239E-281   4.3300121931612354E-290   0.0000000000000000        1.0382030188218764E-314   2.0700398170165368E-314
   5.9950962892099939E-002   1.2296487764592673E-281   8.7373206442312065E-290   0.0000000000000000        8.9521697431347426E-315   1.0438780060378340E-314
   6.0658883852614823E-002   1.2296486957734119E-281   9.6510886745714844E-290   0.0000000000000000        1.0444198033657200E-314   9.7356587182264651E-315
   6.1572855611206269E-002   1.2296760670047212E-281   4.4091606394977539E-290   0.0000000000000000        1.0112636191318876E-314   1.9988276868920971E-314
   6.2745913766393518E-002   1.2296747205581842E-281   9.5140006437546074E-290   0.0000000000000000        8.4133817493349664E-315   9.9981842738057457E-315
   6.4028747104927758E-002   1.2296484576757590E-281   9.5479269965761770E-290   0.0000000000000000        1.0361307573072619E-314   2.1099080846279060E-314
   6.4849250833665509E-002   1.2296709559840923E-281   9.7226457570701892E-290   0.0000000000000000        8.9728923582808878E-315   2.0434885730842841E-314
   6.5192987457171350E-002   1.2296457600471870E-281   9.3573211550607608E-290   0.0000000000000000        1.0174804036757312E-314   2.1101113980758918E-314
   6.5246526476500505E-002   1.2296476876525889E-281   9.3431688702428435E-290   0.0000000000000000        9.4495125066422283E-315   1.0182574251635365E-314
   6.5311312187467829E-002   1.2296455902246183E-281   4.7833287890708209E-290   0.0000000000000000        1.0278417112488038E-314   2.0362542603428305E-314
   6.5394358900279420E-002   1.2296760244170780E-281   9.6710453527018195E-290   0.0000000000000000        1.0112636191318876E-314   2.0090923646120905E-314
   6.5499442590227233E-002   1.2296757322837050E-281   9.1520934598302429E-290   0.0000000000000000        1.0402752803364909E-314   2.0785404170438876E-314
   6.5627485219096449E-002   1.2296490254921496E-281   9.4303260749924507E-290   0.0000000000000000        9.9468552701497140E-315   1.0224179099715857E-314
   6.5719106757842455E-002   1.2296483762683456E-281   8.7544077346565261E-290   0.0000000000000000        7.7917032949506093E-315   2.1199512751891969E-314
   6.5766586065458502E-002   1.2296474771103742E-281   9.6444625356889941E-290   0.0000000000000000        8.9521697431347426E-315   2.1090007365277781E-314
   6.5782637418160692E-002   1.2296730345421104E-281   9.3822474373529637E-290   0.0000000000000000        1.0444198033657200E-314   2.0884031125790460E-314
   6.5782823852549688E-002   1.2296766541478113E-281   4.4506000946742732E-290   0.0000000000000000        9.2837315854730664E-315   2.1065728762052258E-314
